(kicad_pcb (version 20171130) (host pcbnew 5.1.9-73d0e3b20d~88~ubuntu20.04.1)

  (general
    (thickness 1.6)
    (drawings 75)
    (tracks 757)
    (zones 0)
    (modules 53)
    (nets 75)
  )

  (page A3)
  (title_block
    (date "26 jul 2013")
  )

  (layers
    (0 F.Cu signal)
    (31 B.Cu signal)
    (32 B.Adhes user)
    (33 F.Adhes user)
    (34 B.Paste user)
    (35 F.Paste user)
    (36 B.SilkS user)
    (37 F.SilkS user)
    (38 B.Mask user)
    (39 F.Mask user)
    (40 Dwgs.User user)
    (41 Cmts.User user)
    (42 Eco1.User user)
    (43 Eco2.User user)
    (44 Edge.Cuts user)
    (45 Margin user)
    (46 B.CrtYd user)
    (47 F.CrtYd user)
    (48 B.Fab user)
    (49 F.Fab user)
  )

  (setup
    (last_trace_width 0.25)
    (user_trace_width 0.1016)
    (user_trace_width 0.127)
    (user_trace_width 0.2032)
    (user_trace_width 0.381)
    (user_trace_width 0.508)
    (user_trace_width 1.016)
    (user_trace_width 1.27)
    (user_trace_width 2)
    (user_trace_width 2.54)
    (trace_clearance 0.15)
    (zone_clearance 0.508)
    (zone_45_only yes)
    (trace_min 0.1016)
    (via_size 0.5)
    (via_drill 0.3)
    (via_min_size 0.4)
    (via_min_drill 0.3)
    (user_via 0.6 0.3)
    (user_via 0.8 0.6)
    (user_via 1.1 0.8)
    (user_via 1.39954 1.00076)
    (user_via 2.54 1.27)
    (user_via 2.54 1.27)
    (user_via 2.54 1.27)
    (user_via 2.79908 1.99898)
    (user_via 2.79908 1.99898)
    (uvia_size 0.3)
    (uvia_drill 0.1)
    (uvias_allowed no)
    (uvia_min_size 0)
    (uvia_min_drill 0)
    (edge_width 0.2)
    (segment_width 0.2)
    (pcb_text_width 0.3)
    (pcb_text_size 1.5 1.5)
    (mod_edge_width 0.15)
    (mod_text_size 1 1)
    (mod_text_width 0.15)
    (pad_size 3 3)
    (pad_drill 2.7)
    (pad_to_mask_clearance 0)
    (aux_axis_origin 32.512 75.692)
    (visible_elements FFFFEFFF)
    (pcbplotparams
      (layerselection 0x010f0_ffffffff)
      (usegerberextensions false)
      (usegerberattributes false)
      (usegerberadvancedattributes false)
      (creategerberjobfile false)
      (excludeedgelayer true)
      (linewidth 0.100000)
      (plotframeref false)
      (viasonmask false)
      (mode 1)
      (useauxorigin false)
      (hpglpennumber 1)
      (hpglpenspeed 20)
      (hpglpendiameter 15.000000)
      (psnegative false)
      (psa4output false)
      (plotreference true)
      (plotvalue true)
      (plotinvisibletext false)
      (padsonsilk false)
      (subtractmaskfromsilk false)
      (outputformat 1)
      (mirror false)
      (drillshape 0)
      (scaleselection 1)
      (outputdirectory "PCBmain"))
  )

  (net 0 "")
  (net 1 GND)
  (net 2 +3V3)
  (net 3 "Net-(J1-Pad4)")
  (net 4 "Net-(R1-Pad2)")
  (net 5 "Net-(U1-Pad3)")
  (net 6 "Net-(U1-Pad4)")
  (net 7 "Net-(U1-Pad5)")
  (net 8 "Net-(U1-Pad6)")
  (net 9 "Net-(U1-Pad7)")
  (net 10 "Net-(U1-Pad8)")
  (net 11 "Net-(U1-Pad9)")
  (net 12 "Net-(U2-Pad4)")
  (net 13 "Net-(U2-Pad5)")
  (net 14 "Net-(U2-Pad17)")
  (net 15 "Net-(U2-Pad18)")
  (net 16 "Net-(U2-Pad20)")
  (net 17 "Net-(U4-Pad3)")
  (net 18 "Net-(BZ1-Pad1)")
  (net 19 FAN)
  (net 20 +12V)
  (net 21 "Net-(F1-Pad2)")
  (net 22 "Net-(J1-Pad3)")
  (net 23 "Net-(J1-Pad5)")
  (net 24 "Net-(R3-Pad1)")
  (net 25 "Net-(R5-Pad1)")
  (net 26 PUMP)
  (net 27 OZON0)
  (net 28 "Net-(R6-Pad1)")
  (net 29 "Net-(R7-Pad1)")
  (net 30 OZON1)
  (net 31 OZON2)
  (net 32 "Net-(R8-Pad1)")
  (net 33 "Net-(U2-Pad19)")
  (net 34 "Net-(U2-Pad21)")
  (net 35 "Net-(U2-Pad22)")
  (net 36 "Net-(U2-Pad32)")
  (net 37 "Net-(U2-Pad33)")
  (net 38 RESET)
  (net 39 "Net-(J1-Pad7)")
  (net 40 "Net-(U1-Pad10)")
  (net 41 "Net-(U1-Pad11)")
  (net 42 "Net-(U1-Pad12)")
  (net 43 "Net-(U1-Pad13)")
  (net 44 "Net-(U1-Pad14)")
  (net 45 "Net-(J5-Pad1)")
  (net 46 "Net-(J6-Pad1)")
  (net 47 "Net-(JP1-Pad1)")
  (net 48 "Net-(JP2-Pad2)")
  (net 49 "Net-(R5-Pad2)")
  (net 50 "Net-(R6-Pad2)")
  (net 51 "Net-(R7-Pad2)")
  (net 52 "Net-(R8-Pad2)")
  (net 53 "Net-(U9-Pad11)")
  (net 54 "Net-(U9-Pad12)")
  (net 55 "Net-(U9-Pad13)")
  (net 56 "Net-(U9-Pad5)")
  (net 57 "Net-(U9-Pad14)")
  (net 58 "Net-(U9-Pad6)")
  (net 59 "Net-(U9-Pad7)")
  (net 60 "Net-(U9-Pad8)")
  (net 61 "Net-(J2-Pad1)")
  (net 62 "Net-(C4-Pad1)")
  (net 63 "Net-(C5-Pad1)")
  (net 64 "Net-(C10-Pad2)")
  (net 65 "Net-(C7-Pad1)")
  (net 66 "Net-(C8-Pad1)")
  (net 67 "Net-(C9-Pad1)")
  (net 68 "Net-(C11-Pad1)")
  (net 69 "Net-(J2-Pad3)")
  (net 70 "Net-(J5-Pad2)")
  (net 71 "Net-(J7-Pad1)")
  (net 72 "Net-(J8-Pad1)")
  (net 73 "Net-(F1-Pad1)")
  (net 74 "Net-(C12-Pad1)")

  (net_class Default "これは標準のネット クラスです。"
    (clearance 0.15)
    (trace_width 0.25)
    (via_dia 0.5)
    (via_drill 0.3)
    (uvia_dia 0.3)
    (uvia_drill 0.1)
    (add_net +12V)
    (add_net +3V3)
    (add_net FAN)
    (add_net GND)
    (add_net "Net-(BZ1-Pad1)")
    (add_net "Net-(C10-Pad2)")
    (add_net "Net-(C11-Pad1)")
    (add_net "Net-(C12-Pad1)")
    (add_net "Net-(C4-Pad1)")
    (add_net "Net-(C5-Pad1)")
    (add_net "Net-(C7-Pad1)")
    (add_net "Net-(C8-Pad1)")
    (add_net "Net-(C9-Pad1)")
    (add_net "Net-(F1-Pad1)")
    (add_net "Net-(J1-Pad3)")
    (add_net "Net-(J1-Pad4)")
    (add_net "Net-(J1-Pad5)")
    (add_net "Net-(J1-Pad7)")
    (add_net "Net-(J2-Pad1)")
    (add_net "Net-(J2-Pad3)")
    (add_net "Net-(J5-Pad1)")
    (add_net "Net-(J5-Pad2)")
    (add_net "Net-(J6-Pad1)")
    (add_net "Net-(J7-Pad1)")
    (add_net "Net-(J8-Pad1)")
    (add_net "Net-(JP1-Pad1)")
    (add_net "Net-(JP2-Pad2)")
    (add_net "Net-(R1-Pad2)")
    (add_net "Net-(R3-Pad1)")
    (add_net "Net-(R5-Pad1)")
    (add_net "Net-(R5-Pad2)")
    (add_net "Net-(R6-Pad1)")
    (add_net "Net-(R6-Pad2)")
    (add_net "Net-(R7-Pad1)")
    (add_net "Net-(R7-Pad2)")
    (add_net "Net-(R8-Pad1)")
    (add_net "Net-(R8-Pad2)")
    (add_net "Net-(U1-Pad10)")
    (add_net "Net-(U1-Pad11)")
    (add_net "Net-(U1-Pad12)")
    (add_net "Net-(U1-Pad13)")
    (add_net "Net-(U1-Pad14)")
    (add_net "Net-(U1-Pad3)")
    (add_net "Net-(U1-Pad4)")
    (add_net "Net-(U1-Pad5)")
    (add_net "Net-(U1-Pad6)")
    (add_net "Net-(U1-Pad7)")
    (add_net "Net-(U1-Pad8)")
    (add_net "Net-(U1-Pad9)")
    (add_net "Net-(U2-Pad17)")
    (add_net "Net-(U2-Pad18)")
    (add_net "Net-(U2-Pad19)")
    (add_net "Net-(U2-Pad20)")
    (add_net "Net-(U2-Pad21)")
    (add_net "Net-(U2-Pad22)")
    (add_net "Net-(U2-Pad32)")
    (add_net "Net-(U2-Pad33)")
    (add_net "Net-(U2-Pad4)")
    (add_net "Net-(U2-Pad5)")
    (add_net "Net-(U4-Pad3)")
    (add_net "Net-(U9-Pad11)")
    (add_net "Net-(U9-Pad12)")
    (add_net "Net-(U9-Pad13)")
    (add_net "Net-(U9-Pad14)")
    (add_net "Net-(U9-Pad5)")
    (add_net "Net-(U9-Pad6)")
    (add_net "Net-(U9-Pad7)")
    (add_net "Net-(U9-Pad8)")
    (add_net OZON0)
    (add_net OZON1)
    (add_net OZON2)
    (add_net PUMP)
    (add_net RESET)
  )

  (net_class 220V ""
    (clearance 1.5)
    (trace_width 2)
    (via_dia 1.5)
    (via_drill 1)
    (uvia_dia 0.3)
    (uvia_drill 0.1)
    (add_net "Net-(F1-Pad2)")
  )

  (net_class 220VSub ""
    (clearance 0.15)
    (trace_width 0.25)
    (via_dia 0.5)
    (via_drill 0.3)
    (uvia_dia 0.3)
    (uvia_drill 0.1)
  )

  (module library:TFT3.2_ILI9341 (layer F.Cu) (tedit 5FCC8B79) (tstamp 6004E254)
    (at 115 110 180)
    (descr "CR2013-MI2120 ILI9341 LCD Breakout http://pan.baidu.com/s/11Y990")
    (tags "CR2013-MI2120 ILI9341 LCD Breakout")
    (path /5DEAE4F9)
    (fp_text reference U1 (at -2.36 -30.48) (layer F.SilkS)
      (effects (font (size 1 1) (thickness 0.15)))
    )
    (fp_text value CR2013-MI2120 (at -2.95 30.48) (layer F.Fab)
      (effects (font (size 1 1) (thickness 0.15)))
    )
    (fp_line (start 32.4 -24.3) (end -32.4 -24.3) (layer F.SilkS) (width 0.12))
    (fp_line (start -32.4 24.3) (end 32.4 24.3) (layer F.SilkS) (width 0.12))
    (fp_line (start -32.4 24.3) (end -32.4 -24.3) (layer F.SilkS) (width 0.12))
    (fp_line (start 32.4 24.3) (end 32.4 -24.3) (layer F.SilkS) (width 0.12))
    (fp_line (start 35.9 -27.5) (end 35.9 27.5) (layer F.SilkS) (width 0.12))
    (fp_line (start -41.8 -27.5) (end -41.8 27.5) (layer F.SilkS) (width 0.12))
    (fp_line (start 41.7 -27.5) (end -47.6 -27.5) (layer F.SilkS) (width 0.12))
    (fp_line (start 41.7 27.5) (end 41.7 -27.5) (layer F.SilkS) (width 0.12))
    (fp_line (start -47.6 27.5) (end 41.7 27.5) (layer F.SilkS) (width 0.12))
    (fp_line (start -47.6 -27.5) (end -47.6 27.5) (layer F.SilkS) (width 0.12))
    (pad 1 thru_hole rect (at -45.6 -16.501 180) (size 1.5 1.5) (drill 1) (layers *.Cu *.Mask)
      (net 2 +3V3))
    (pad 2 thru_hole circle (at -45.6 -13.961 180) (size 1.5 1.5) (drill 1) (layers *.Cu *.Mask)
      (net 1 GND))
    (pad 3 thru_hole circle (at -45.6 -11.421 180) (size 1.5 1.5) (drill 1) (layers *.Cu *.Mask)
      (net 5 "Net-(U1-Pad3)"))
    (pad 4 thru_hole circle (at -45.6 -8.881 180) (size 1.5 1.5) (drill 1) (layers *.Cu *.Mask)
      (net 6 "Net-(U1-Pad4)"))
    (pad 5 thru_hole circle (at -45.6 -6.341 180) (size 1.5 1.5) (drill 1) (layers *.Cu *.Mask)
      (net 7 "Net-(U1-Pad5)"))
    (pad 6 thru_hole circle (at -45.6 -3.801 180) (size 1.5 1.5) (drill 1) (layers *.Cu *.Mask)
      (net 8 "Net-(U1-Pad6)"))
    (pad 7 thru_hole circle (at -45.6 -1.261 180) (size 1.5 1.5) (drill 1) (layers *.Cu *.Mask)
      (net 9 "Net-(U1-Pad7)"))
    (pad 8 thru_hole circle (at -45.6 1.279 180) (size 1.5 1.5) (drill 1) (layers *.Cu *.Mask)
      (net 10 "Net-(U1-Pad8)"))
    (pad 9 thru_hole circle (at -45.6 3.819 180) (size 1.5 1.5) (drill 1) (layers *.Cu *.Mask)
      (net 11 "Net-(U1-Pad9)"))
    (pad "" thru_hole circle (at -44.6 -24.5 180) (size 4 4) (drill 2.7) (layers *.Cu *.Mask))
    (pad "" thru_hole circle (at -44.6 24.5 180) (size 4 4) (drill 2.7) (layers *.Cu *.Mask))
    (pad "" thru_hole circle (at 38.7 -24.5 180) (size 4 4) (drill 2.7) (layers *.Cu *.Mask))
    (pad "" thru_hole circle (at 38.7 24.5 180) (size 3 3) (drill 2.7) (layers *.Cu *.Mask))
    (pad 12 thru_hole circle (at -45.6 11.439 180) (size 1.5 1.5) (drill 1) (layers *.Cu *.Mask)
      (net 42 "Net-(U1-Pad12)"))
    (pad 11 thru_hole circle (at -45.6 8.899 180) (size 1.5 1.5) (drill 1) (layers *.Cu *.Mask)
      (net 41 "Net-(U1-Pad11)"))
    (pad 10 thru_hole circle (at -45.6 6.359 180) (size 1.5 1.5) (drill 1) (layers *.Cu *.Mask)
      (net 40 "Net-(U1-Pad10)"))
    (pad 13 thru_hole circle (at -45.6 13.979 180) (size 1.5 1.5) (drill 1) (layers *.Cu *.Mask)
      (net 43 "Net-(U1-Pad13)"))
    (pad 14 thru_hole circle (at -45.6 16.519 180) (size 1.5 1.5) (drill 1) (layers *.Cu *.Mask)
      (net 44 "Net-(U1-Pad14)"))
    (pad 16 thru_hole circle (at 38.7 -1.261 180) (size 1.5 1.5) (drill 1) (layers *.Cu *.Mask))
    (pad 15 thru_hole rect (at 38.7 -3.801 180) (size 1.5 1.5) (drill 1) (layers *.Cu *.Mask))
    (pad 17 thru_hole circle (at 38.7 1.279 180) (size 1.5 1.5) (drill 1) (layers *.Cu *.Mask))
    (pad 18 thru_hole circle (at 38.7 3.819 180) (size 1.5 1.5) (drill 1) (layers *.Cu *.Mask))
    (model ${KISYS3DMOD}/Display.3dshapes/CR2013-MI2120.wrl
      (at (xyz 0 0 0))
      (scale (xyz 1 1 1))
      (rotate (xyz 0 0 0))
    )
  )

  (module Buzzer_Beeper:Buzzer_12x9.5RM7.6 (layer B.Cu) (tedit 5A030281) (tstamp 5FA86332)
    (at 115 86 90)
    (descr "Generic Buzzer, D12mm height 9.5mm with RM7.6mm")
    (tags buzzer)
    (path /5FB92E0A)
    (fp_text reference BZ1 (at 3.8 7.2 90) (layer B.SilkS)
      (effects (font (size 1 1) (thickness 0.15)) (justify mirror))
    )
    (fp_text value Buzzer (at 3.8 -7.4 90) (layer B.Fab)
      (effects (font (size 1 1) (thickness 0.15)) (justify mirror))
    )
    (fp_circle (center 3.8 0) (end 10.05 0) (layer B.CrtYd) (width 0.05))
    (fp_circle (center 3.8 0) (end 9.8 0) (layer B.Fab) (width 0.1))
    (fp_circle (center 3.8 0) (end 4.8 0) (layer B.Fab) (width 0.1))
    (fp_circle (center 3.8 0) (end 9.9 0) (layer B.SilkS) (width 0.12))
    (fp_text user + (at -0.01 2.54 90) (layer B.Fab)
      (effects (font (size 1 1) (thickness 0.15)) (justify mirror))
    )
    (fp_text user + (at -0.01 2.54 90) (layer B.SilkS)
      (effects (font (size 1 1) (thickness 0.15)) (justify mirror))
    )
    (fp_text user %R (at 3.8 4 90) (layer B.Fab)
      (effects (font (size 1 1) (thickness 0.15)) (justify mirror))
    )
    (pad 1 thru_hole rect (at 0 0 90) (size 2 2) (drill 1) (layers *.Cu *.Mask)
      (net 18 "Net-(BZ1-Pad1)"))
    (pad 2 thru_hole circle (at 7.6 0 90) (size 2 2) (drill 1) (layers *.Cu *.Mask)
      (net 1 GND))
    (model ${KISYS3DMOD}/Buzzer_Beeper.3dshapes/Buzzer_12x9.5RM7.6.wrl
      (at (xyz 0 0 0))
      (scale (xyz 1 1 1))
      (rotate (xyz 0 0 0))
    )
  )

  (module Wire_Pads:SolderWirePad_single_1-2mmDrill (layer F.Cu) (tedit 5B755C65) (tstamp 5AF31261)
    (at 26.0756 81.8798)
    (fp_text reference REF** (at 0 -3.81) (layer F.SilkS) hide
      (effects (font (size 1 1) (thickness 0.15)))
    )
    (fp_text value SolderWirePad_single_1-2mmDrill (at -1.905 3.175) (layer F.Fab) hide
      (effects (font (size 1 1) (thickness 0.15)))
    )
  )

  (module Resistor_SMD:R_0603_1608Metric (layer F.Cu) (tedit 5F68FEEE) (tstamp 5FA8E9DA)
    (at 201.75 102.175 270)
    (descr "Resistor SMD 0603 (1608 Metric), square (rectangular) end terminal, IPC_7351 nominal, (Body size source: IPC-SM-782 page 72, https://www.pcb-3d.com/wordpress/wp-content/uploads/ipc-sm-782a_amendment_1_and_2.pdf), generated with kicad-footprint-generator")
    (tags resistor)
    (path /5FB6AE87)
    (attr smd)
    (fp_text reference C1 (at -0.175 1.35 90) (layer F.SilkS)
      (effects (font (size 1 1) (thickness 0.15)))
    )
    (fp_text value 0.1uF (at 0 1.43 90) (layer F.Fab)
      (effects (font (size 1 1) (thickness 0.15)))
    )
    (fp_line (start 1.48 0.73) (end -1.48 0.73) (layer F.CrtYd) (width 0.05))
    (fp_line (start 1.48 -0.73) (end 1.48 0.73) (layer F.CrtYd) (width 0.05))
    (fp_line (start -1.48 -0.73) (end 1.48 -0.73) (layer F.CrtYd) (width 0.05))
    (fp_line (start -1.48 0.73) (end -1.48 -0.73) (layer F.CrtYd) (width 0.05))
    (fp_line (start -0.237258 0.5225) (end 0.237258 0.5225) (layer F.SilkS) (width 0.12))
    (fp_line (start -0.237258 -0.5225) (end 0.237258 -0.5225) (layer F.SilkS) (width 0.12))
    (fp_line (start 0.8 0.4125) (end -0.8 0.4125) (layer F.Fab) (width 0.1))
    (fp_line (start 0.8 -0.4125) (end 0.8 0.4125) (layer F.Fab) (width 0.1))
    (fp_line (start -0.8 -0.4125) (end 0.8 -0.4125) (layer F.Fab) (width 0.1))
    (fp_line (start -0.8 0.4125) (end -0.8 -0.4125) (layer F.Fab) (width 0.1))
    (fp_text user %R (at 0 0 90) (layer F.Fab)
      (effects (font (size 0.4 0.4) (thickness 0.06)))
    )
    (pad 2 smd roundrect (at 0.825 0 270) (size 0.8 0.95) (layers F.Cu F.Paste F.Mask) (roundrect_rratio 0.25)
      (net 1 GND))
    (pad 1 smd roundrect (at -0.825 0 270) (size 0.8 0.95) (layers F.Cu F.Paste F.Mask) (roundrect_rratio 0.25)
      (net 38 RESET))
    (model ${KISYS3DMOD}/Resistor_SMD.3dshapes/R_0603_1608Metric.wrl
      (at (xyz 0 0 0))
      (scale (xyz 1 1 1))
      (rotate (xyz 0 0 0))
    )
  )

  (module Resistor_SMD:R_0603_1608Metric (layer F.Cu) (tedit 5F68FEEE) (tstamp 5FA86354)
    (at 202.75 106 90)
    (descr "Resistor SMD 0603 (1608 Metric), square (rectangular) end terminal, IPC_7351 nominal, (Body size source: IPC-SM-782 page 72, https://www.pcb-3d.com/wordpress/wp-content/uploads/ipc-sm-782a_amendment_1_and_2.pdf), generated with kicad-footprint-generator")
    (tags resistor)
    (path /5FB6AE94)
    (attr smd)
    (fp_text reference C2 (at 1.2 -1.35 90) (layer F.SilkS)
      (effects (font (size 1 1) (thickness 0.15)))
    )
    (fp_text value 0.1uF (at 0 1.43 90) (layer F.Fab)
      (effects (font (size 1 1) (thickness 0.15)))
    )
    (fp_line (start -0.8 0.4125) (end -0.8 -0.4125) (layer F.Fab) (width 0.1))
    (fp_line (start -0.8 -0.4125) (end 0.8 -0.4125) (layer F.Fab) (width 0.1))
    (fp_line (start 0.8 -0.4125) (end 0.8 0.4125) (layer F.Fab) (width 0.1))
    (fp_line (start 0.8 0.4125) (end -0.8 0.4125) (layer F.Fab) (width 0.1))
    (fp_line (start -0.237258 -0.5225) (end 0.237258 -0.5225) (layer F.SilkS) (width 0.12))
    (fp_line (start -0.237258 0.5225) (end 0.237258 0.5225) (layer F.SilkS) (width 0.12))
    (fp_line (start -1.48 0.73) (end -1.48 -0.73) (layer F.CrtYd) (width 0.05))
    (fp_line (start -1.48 -0.73) (end 1.48 -0.73) (layer F.CrtYd) (width 0.05))
    (fp_line (start 1.48 -0.73) (end 1.48 0.73) (layer F.CrtYd) (width 0.05))
    (fp_line (start 1.48 0.73) (end -1.48 0.73) (layer F.CrtYd) (width 0.05))
    (fp_text user %R (at 0 0 90) (layer F.Fab)
      (effects (font (size 0.4 0.4) (thickness 0.06)))
    )
    (pad 1 smd roundrect (at -0.825 0 90) (size 0.8 0.95) (layers F.Cu F.Paste F.Mask) (roundrect_rratio 0.25)
      (net 2 +3V3))
    (pad 2 smd roundrect (at 0.825 0 90) (size 0.8 0.95) (layers F.Cu F.Paste F.Mask) (roundrect_rratio 0.25)
      (net 1 GND))
    (model ${KISYS3DMOD}/Resistor_SMD.3dshapes/R_0603_1608Metric.wrl
      (at (xyz 0 0 0))
      (scale (xyz 1 1 1))
      (rotate (xyz 0 0 0))
    )
  )

  (module Capacitor_SMD:C_0402_1005Metric (layer F.Cu) (tedit 5F68FEEE) (tstamp 5FA86365)
    (at 202 98.48 270)
    (descr "Capacitor SMD 0402 (1005 Metric), square (rectangular) end terminal, IPC_7351 nominal, (Body size source: IPC-SM-782 page 76, https://www.pcb-3d.com/wordpress/wp-content/uploads/ipc-sm-782a_amendment_1_and_2.pdf), generated with kicad-footprint-generator")
    (tags capacitor)
    (path /5FB6AF52)
    (attr smd)
    (fp_text reference C3 (at 0 -1.16 90) (layer F.SilkS)
      (effects (font (size 1 1) (thickness 0.15)))
    )
    (fp_text value 10u (at 0 1.16 90) (layer F.Fab)
      (effects (font (size 1 1) (thickness 0.15)))
    )
    (fp_line (start 0.91 0.46) (end -0.91 0.46) (layer F.CrtYd) (width 0.05))
    (fp_line (start 0.91 -0.46) (end 0.91 0.46) (layer F.CrtYd) (width 0.05))
    (fp_line (start -0.91 -0.46) (end 0.91 -0.46) (layer F.CrtYd) (width 0.05))
    (fp_line (start -0.91 0.46) (end -0.91 -0.46) (layer F.CrtYd) (width 0.05))
    (fp_line (start -0.107836 0.36) (end 0.107836 0.36) (layer F.SilkS) (width 0.12))
    (fp_line (start -0.107836 -0.36) (end 0.107836 -0.36) (layer F.SilkS) (width 0.12))
    (fp_line (start 0.5 0.25) (end -0.5 0.25) (layer F.Fab) (width 0.1))
    (fp_line (start 0.5 -0.25) (end 0.5 0.25) (layer F.Fab) (width 0.1))
    (fp_line (start -0.5 -0.25) (end 0.5 -0.25) (layer F.Fab) (width 0.1))
    (fp_line (start -0.5 0.25) (end -0.5 -0.25) (layer F.Fab) (width 0.1))
    (fp_text user %R (at 0 0 90) (layer F.Fab)
      (effects (font (size 0.25 0.25) (thickness 0.04)))
    )
    (pad 2 smd roundrect (at 0.48 0 270) (size 0.56 0.62) (layers F.Cu F.Paste F.Mask) (roundrect_rratio 0.25)
      (net 1 GND))
    (pad 1 smd roundrect (at -0.48 0 270) (size 0.56 0.62) (layers F.Cu F.Paste F.Mask) (roundrect_rratio 0.25)
      (net 2 +3V3))
    (model ${KISYS3DMOD}/Capacitor_SMD.3dshapes/C_0402_1005Metric.wrl
      (at (xyz 0 0 0))
      (scale (xyz 1 1 1))
      (rotate (xyz 0 0 0))
    )
  )

  (module Capacitor_SMD:C_0402_1005Metric (layer F.Cu) (tedit 5F68FEEE) (tstamp 5FA8E8A2)
    (at 156.32 115.8)
    (descr "Capacitor SMD 0402 (1005 Metric), square (rectangular) end terminal, IPC_7351 nominal, (Body size source: IPC-SM-782 page 76, https://www.pcb-3d.com/wordpress/wp-content/uploads/ipc-sm-782a_amendment_1_and_2.pdf), generated with kicad-footprint-generator")
    (tags capacitor)
    (path /5FDC11C0)
    (attr smd)
    (fp_text reference C6 (at -2.52 0.2) (layer F.SilkS)
      (effects (font (size 1 1) (thickness 0.15)))
    )
    (fp_text value 20p (at 0 1.16) (layer F.Fab)
      (effects (font (size 1 1) (thickness 0.15)))
    )
    (fp_line (start -0.5 0.25) (end -0.5 -0.25) (layer F.Fab) (width 0.1))
    (fp_line (start -0.5 -0.25) (end 0.5 -0.25) (layer F.Fab) (width 0.1))
    (fp_line (start 0.5 -0.25) (end 0.5 0.25) (layer F.Fab) (width 0.1))
    (fp_line (start 0.5 0.25) (end -0.5 0.25) (layer F.Fab) (width 0.1))
    (fp_line (start -0.107836 -0.36) (end 0.107836 -0.36) (layer F.SilkS) (width 0.12))
    (fp_line (start -0.107836 0.36) (end 0.107836 0.36) (layer F.SilkS) (width 0.12))
    (fp_line (start -0.91 0.46) (end -0.91 -0.46) (layer F.CrtYd) (width 0.05))
    (fp_line (start -0.91 -0.46) (end 0.91 -0.46) (layer F.CrtYd) (width 0.05))
    (fp_line (start 0.91 -0.46) (end 0.91 0.46) (layer F.CrtYd) (width 0.05))
    (fp_line (start 0.91 0.46) (end -0.91 0.46) (layer F.CrtYd) (width 0.05))
    (fp_text user %R (at 0 0) (layer F.Fab)
      (effects (font (size 0.25 0.25) (thickness 0.04)))
    )
    (pad 1 smd roundrect (at -0.48 0) (size 0.56 0.62) (layers F.Cu F.Paste F.Mask) (roundrect_rratio 0.25)
      (net 64 "Net-(C10-Pad2)"))
    (pad 2 smd roundrect (at 0.48 0) (size 0.56 0.62) (layers F.Cu F.Paste F.Mask) (roundrect_rratio 0.25)
      (net 19 FAN))
    (model ${KISYS3DMOD}/Capacitor_SMD.3dshapes/C_0402_1005Metric.wrl
      (at (xyz 0 0 0))
      (scale (xyz 1 1 1))
      (rotate (xyz 0 0 0))
    )
  )

  (module Connector_PinSocket_2.54mm:PinSocket_1x02_P2.54mm_Vertical (layer B.Cu) (tedit 5A19A420) (tstamp 5FA8E383)
    (at 144 143 90)
    (descr "Through hole straight socket strip, 1x02, 2.54mm pitch, single row (from Kicad 4.0.7), script generated")
    (tags "Through hole socket strip THT 1x02 2.54mm single row")
    (path /5FD53D91)
    (fp_text reference J3 (at 0 2.77 -90) (layer B.SilkS)
      (effects (font (size 1 1) (thickness 0.15)) (justify mirror))
    )
    (fp_text value FAN (at 0 -5.31 -90) (layer B.Fab)
      (effects (font (size 1 1) (thickness 0.15)) (justify mirror))
    )
    (fp_line (start -1.8 -4.3) (end -1.8 1.8) (layer B.CrtYd) (width 0.05))
    (fp_line (start 1.75 -4.3) (end -1.8 -4.3) (layer B.CrtYd) (width 0.05))
    (fp_line (start 1.75 1.8) (end 1.75 -4.3) (layer B.CrtYd) (width 0.05))
    (fp_line (start -1.8 1.8) (end 1.75 1.8) (layer B.CrtYd) (width 0.05))
    (fp_line (start 0 1.33) (end 1.33 1.33) (layer B.SilkS) (width 0.12))
    (fp_line (start 1.33 1.33) (end 1.33 0) (layer B.SilkS) (width 0.12))
    (fp_line (start 1.33 -1.27) (end 1.33 -3.87) (layer B.SilkS) (width 0.12))
    (fp_line (start -1.33 -3.87) (end 1.33 -3.87) (layer B.SilkS) (width 0.12))
    (fp_line (start -1.33 -1.27) (end -1.33 -3.87) (layer B.SilkS) (width 0.12))
    (fp_line (start -1.33 -1.27) (end 1.33 -1.27) (layer B.SilkS) (width 0.12))
    (fp_line (start -1.27 -3.81) (end -1.27 1.27) (layer B.Fab) (width 0.1))
    (fp_line (start 1.27 -3.81) (end -1.27 -3.81) (layer B.Fab) (width 0.1))
    (fp_line (start 1.27 0.635) (end 1.27 -3.81) (layer B.Fab) (width 0.1))
    (fp_line (start 0.635 1.27) (end 1.27 0.635) (layer B.Fab) (width 0.1))
    (fp_line (start -1.27 1.27) (end 0.635 1.27) (layer B.Fab) (width 0.1))
    (fp_text user %R (at 0 -1.27) (layer B.Fab)
      (effects (font (size 1 1) (thickness 0.15)) (justify mirror))
    )
    (pad 2 thru_hole oval (at 0 -2.54 90) (size 1.7 1.7) (drill 1) (layers *.Cu *.Mask)
      (net 68 "Net-(C11-Pad1)"))
    (pad 1 thru_hole rect (at 0 0 90) (size 1.7 1.7) (drill 1) (layers *.Cu *.Mask)
      (net 20 +12V))
    (model ${KISYS3DMOD}/Connector_PinSocket_2.54mm.3dshapes/PinSocket_1x02_P2.54mm_Vertical.wrl
      (at (xyz 0 0 0))
      (scale (xyz 1 1 1))
      (rotate (xyz 0 0 0))
    )
  )

  (module Connector_PinSocket_2.54mm:PinSocket_1x02_P2.54mm_Vertical (layer B.Cu) (tedit 5A19A420) (tstamp 5FCCDF3A)
    (at 155 143 90)
    (descr "Through hole straight socket strip, 1x02, 2.54mm pitch, single row (from Kicad 4.0.7), script generated")
    (tags "Through hole socket strip THT 1x02 2.54mm single row")
    (path /5FD5B850)
    (fp_text reference J4 (at 0 2.77 -90) (layer B.SilkS)
      (effects (font (size 1 1) (thickness 0.15)) (justify mirror))
    )
    (fp_text value FAN (at 0 -5.31 -90) (layer B.Fab)
      (effects (font (size 1 1) (thickness 0.15)) (justify mirror))
    )
    (fp_line (start -1.27 1.27) (end 0.635 1.27) (layer B.Fab) (width 0.1))
    (fp_line (start 0.635 1.27) (end 1.27 0.635) (layer B.Fab) (width 0.1))
    (fp_line (start 1.27 0.635) (end 1.27 -3.81) (layer B.Fab) (width 0.1))
    (fp_line (start 1.27 -3.81) (end -1.27 -3.81) (layer B.Fab) (width 0.1))
    (fp_line (start -1.27 -3.81) (end -1.27 1.27) (layer B.Fab) (width 0.1))
    (fp_line (start -1.33 -1.27) (end 1.33 -1.27) (layer B.SilkS) (width 0.12))
    (fp_line (start -1.33 -1.27) (end -1.33 -3.87) (layer B.SilkS) (width 0.12))
    (fp_line (start -1.33 -3.87) (end 1.33 -3.87) (layer B.SilkS) (width 0.12))
    (fp_line (start 1.33 -1.27) (end 1.33 -3.87) (layer B.SilkS) (width 0.12))
    (fp_line (start 1.33 1.33) (end 1.33 0) (layer B.SilkS) (width 0.12))
    (fp_line (start 0 1.33) (end 1.33 1.33) (layer B.SilkS) (width 0.12))
    (fp_line (start -1.8 1.8) (end 1.75 1.8) (layer B.CrtYd) (width 0.05))
    (fp_line (start 1.75 1.8) (end 1.75 -4.3) (layer B.CrtYd) (width 0.05))
    (fp_line (start 1.75 -4.3) (end -1.8 -4.3) (layer B.CrtYd) (width 0.05))
    (fp_line (start -1.8 -4.3) (end -1.8 1.8) (layer B.CrtYd) (width 0.05))
    (fp_text user %R (at 0 -1.27) (layer B.Fab)
      (effects (font (size 1 1) (thickness 0.15)) (justify mirror))
    )
    (pad 1 thru_hole rect (at 0 0 90) (size 1.7 1.7) (drill 1) (layers *.Cu *.Mask)
      (net 20 +12V))
    (pad 2 thru_hole oval (at 0 -2.54 90) (size 1.7 1.7) (drill 1) (layers *.Cu *.Mask)
      (net 68 "Net-(C11-Pad1)"))
    (model ${KISYS3DMOD}/Connector_PinSocket_2.54mm.3dshapes/PinSocket_1x02_P2.54mm_Vertical.wrl
      (at (xyz 0 0 0))
      (scale (xyz 1 1 1))
      (rotate (xyz 0 0 0))
    )
  )

  (module Converter_ACDC:Converter_ACDC_MeanWell_IRM-20-xx_THT (layer B.Cu) (tedit 59FD95D5) (tstamp 5FCAFD6D)
    (at 90 115)
    (descr "ACDC-Converter, 20W, Meanwell, IRM-20, THT http://www.meanwell.com/webapp/product/search.aspx?prod=IRM-20")
    (tags "ACDC-Converter 20W   Meanwell IRM-20")
    (path /5FAA002A)
    (fp_text reference PS1 (at 22.5 4 180) (layer B.SilkS)
      (effects (font (size 1 1) (thickness 0.15)) (justify mirror))
    )
    (fp_text value IRM-20-12 (at 22.5 -25 180) (layer B.Fab)
      (effects (font (size 1 1) (thickness 0.15)) (justify mirror))
    )
    (fp_line (start 1 3.65) (end -1 3.65) (layer B.SilkS) (width 0.12))
    (fp_line (start 49.12 3.32) (end 49.12 -24.12) (layer B.SilkS) (width 0.12))
    (fp_line (start -3.52 3.32) (end 49.12 3.32) (layer B.SilkS) (width 0.12))
    (fp_line (start -3.4 -24) (end 49 -24) (layer B.Fab) (width 0.1))
    (fp_line (start 49 3.2) (end 1 3.2) (layer B.Fab) (width 0.1))
    (fp_line (start -3.65 3.45) (end -3.65 -24.25) (layer B.CrtYd) (width 0.05))
    (fp_line (start -3.4 3.2) (end -3.4 -24) (layer B.Fab) (width 0.1))
    (fp_line (start -3.52 -24.12) (end 49.12 -24.12) (layer B.SilkS) (width 0.12))
    (fp_line (start -3.52 3.32) (end -3.52 -24.12) (layer B.SilkS) (width 0.12))
    (fp_line (start 49 3.2) (end 49 -24) (layer B.Fab) (width 0.1))
    (fp_line (start -3.65 -24.25) (end 49.25 -24.25) (layer B.CrtYd) (width 0.05))
    (fp_line (start -3.65 3.45) (end 49.25 3.45) (layer B.CrtYd) (width 0.05))
    (fp_line (start 49.25 3.45) (end 49.25 -24.25) (layer B.CrtYd) (width 0.05))
    (fp_line (start -1 3.2) (end -3.4 3.2) (layer B.Fab) (width 0.1))
    (fp_line (start 0 2.2) (end -1 3.2) (layer B.Fab) (width 0.1))
    (fp_line (start 1 3.2) (end 0 2.2) (layer B.Fab) (width 0.1))
    (fp_text user %R (at 22.5 -10.4 180) (layer B.Fab)
      (effects (font (size 1 1) (thickness 0.15)) (justify mirror))
    )
    (pad 3 thru_hole circle (at 45 -20.8) (size 3 3) (drill 1.5) (layers *.Cu *.Mask)
      (net 1 GND))
    (pad 2 thru_hole circle (at 0 -20.8) (size 3 3) (drill 1.5) (layers *.Cu *.Mask)
      (net 61 "Net-(J2-Pad1)"))
    (pad 4 thru_hole circle (at 45 -12.8) (size 3 3) (drill 1.5) (layers *.Cu *.Mask)
      (net 20 +12V))
    (pad 1 thru_hole rect (at 0 0) (size 3 3) (drill 1.5) (layers *.Cu *.Mask)
      (net 73 "Net-(F1-Pad1)"))
    (model ${KISYS3DMOD}/Converter_ACDC.3dshapes/Converter_ACDC_MeanWell_IRM-20-xx_THT.wrl
      (at (xyz 0 0 0))
      (scale (xyz 1 1 1))
      (rotate (xyz 0 0 0))
    )
  )

  (module Package_TO_SOT_THT:TO-220-3_Vertical (layer B.Cu) (tedit 5AC8BA0D) (tstamp 6004E1B8)
    (at 155 123 270)
    (descr "TO-220-3, Vertical, RM 2.54mm, see https://www.vishay.com/docs/66542/to-220-1.pdf")
    (tags "TO-220-3 Vertical RM 2.54mm")
    (path /5FD8B078)
    (fp_text reference Q1 (at 2.54 4.27 90) (layer B.SilkS)
      (effects (font (size 1 1) (thickness 0.15)) (justify mirror))
    )
    (fp_text value Q_NMOS_GDS (at 2.54 -2.5 90) (layer B.Fab)
      (effects (font (size 1 1) (thickness 0.15)) (justify mirror))
    )
    (fp_line (start -2.46 3.15) (end -2.46 -1.25) (layer B.Fab) (width 0.1))
    (fp_line (start -2.46 -1.25) (end 7.54 -1.25) (layer B.Fab) (width 0.1))
    (fp_line (start 7.54 -1.25) (end 7.54 3.15) (layer B.Fab) (width 0.1))
    (fp_line (start 7.54 3.15) (end -2.46 3.15) (layer B.Fab) (width 0.1))
    (fp_line (start -2.46 1.88) (end 7.54 1.88) (layer B.Fab) (width 0.1))
    (fp_line (start 0.69 3.15) (end 0.69 1.88) (layer B.Fab) (width 0.1))
    (fp_line (start 4.39 3.15) (end 4.39 1.88) (layer B.Fab) (width 0.1))
    (fp_line (start -2.58 3.27) (end 7.66 3.27) (layer B.SilkS) (width 0.12))
    (fp_line (start -2.58 -1.371) (end 7.66 -1.371) (layer B.SilkS) (width 0.12))
    (fp_line (start -2.58 3.27) (end -2.58 -1.371) (layer B.SilkS) (width 0.12))
    (fp_line (start 7.66 3.27) (end 7.66 -1.371) (layer B.SilkS) (width 0.12))
    (fp_line (start -2.58 1.76) (end 7.66 1.76) (layer B.SilkS) (width 0.12))
    (fp_line (start 0.69 3.27) (end 0.69 1.76) (layer B.SilkS) (width 0.12))
    (fp_line (start 4.391 3.27) (end 4.391 1.76) (layer B.SilkS) (width 0.12))
    (fp_line (start -2.71 3.4) (end -2.71 -1.51) (layer B.CrtYd) (width 0.05))
    (fp_line (start -2.71 -1.51) (end 7.79 -1.51) (layer B.CrtYd) (width 0.05))
    (fp_line (start 7.79 -1.51) (end 7.79 3.4) (layer B.CrtYd) (width 0.05))
    (fp_line (start 7.79 3.4) (end -2.71 3.4) (layer B.CrtYd) (width 0.05))
    (fp_text user %R (at 2.54 4.27 90) (layer B.Fab)
      (effects (font (size 1 1) (thickness 0.15)) (justify mirror))
    )
    (pad 1 thru_hole rect (at 0 0 270) (size 1.905 2) (drill 1.1) (layers *.Cu *.Mask)
      (net 64 "Net-(C10-Pad2)"))
    (pad 2 thru_hole oval (at 2.54 0 270) (size 1.905 2) (drill 1.1) (layers *.Cu *.Mask)
      (net 68 "Net-(C11-Pad1)"))
    (pad 3 thru_hole oval (at 5.08 0 270) (size 1.905 2) (drill 1.1) (layers *.Cu *.Mask)
      (net 1 GND))
    (model ${KISYS3DMOD}/Package_TO_SOT_THT.3dshapes/TO-220-3_Vertical.wrl
      (at (xyz 0 0 0))
      (scale (xyz 1 1 1))
      (rotate (xyz 0 0 0))
    )
  )

  (module Resistor_SMD:R_0603_1608Metric (layer F.Cu) (tedit 5F68FEEE) (tstamp 5FA89BAE)
    (at 105.175 81 180)
    (descr "Resistor SMD 0603 (1608 Metric), square (rectangular) end terminal, IPC_7351 nominal, (Body size source: IPC-SM-782 page 72, https://www.pcb-3d.com/wordpress/wp-content/uploads/ipc-sm-782a_amendment_1_and_2.pdf), generated with kicad-footprint-generator")
    (tags resistor)
    (path /5E0917EB)
    (attr smd)
    (fp_text reference R1 (at 0 -1.43) (layer F.SilkS)
      (effects (font (size 1 1) (thickness 0.15)))
    )
    (fp_text value 103 (at 0 1.43) (layer F.Fab)
      (effects (font (size 1 1) (thickness 0.15)))
    )
    (fp_line (start -0.8 0.4125) (end -0.8 -0.4125) (layer F.Fab) (width 0.1))
    (fp_line (start -0.8 -0.4125) (end 0.8 -0.4125) (layer F.Fab) (width 0.1))
    (fp_line (start 0.8 -0.4125) (end 0.8 0.4125) (layer F.Fab) (width 0.1))
    (fp_line (start 0.8 0.4125) (end -0.8 0.4125) (layer F.Fab) (width 0.1))
    (fp_line (start -0.237258 -0.5225) (end 0.237258 -0.5225) (layer F.SilkS) (width 0.12))
    (fp_line (start -0.237258 0.5225) (end 0.237258 0.5225) (layer F.SilkS) (width 0.12))
    (fp_line (start -1.48 0.73) (end -1.48 -0.73) (layer F.CrtYd) (width 0.05))
    (fp_line (start -1.48 -0.73) (end 1.48 -0.73) (layer F.CrtYd) (width 0.05))
    (fp_line (start 1.48 -0.73) (end 1.48 0.73) (layer F.CrtYd) (width 0.05))
    (fp_line (start 1.48 0.73) (end -1.48 0.73) (layer F.CrtYd) (width 0.05))
    (fp_text user %R (at 0 0) (layer F.Fab)
      (effects (font (size 0.4 0.4) (thickness 0.06)))
    )
    (pad 1 smd roundrect (at -0.825 0 180) (size 0.8 0.95) (layers F.Cu F.Paste F.Mask) (roundrect_rratio 0.25)
      (net 2 +3V3))
    (pad 2 smd roundrect (at 0.825 0 180) (size 0.8 0.95) (layers F.Cu F.Paste F.Mask) (roundrect_rratio 0.25)
      (net 4 "Net-(R1-Pad2)"))
    (model ${KISYS3DMOD}/Resistor_SMD.3dshapes/R_0603_1608Metric.wrl
      (at (xyz 0 0 0))
      (scale (xyz 1 1 1))
      (rotate (xyz 0 0 0))
    )
  )

  (module Resistor_SMD:R_0603_1608Metric (layer F.Cu) (tedit 5F68FEEE) (tstamp 5FA864C2)
    (at 200.75 98.175 270)
    (descr "Resistor SMD 0603 (1608 Metric), square (rectangular) end terminal, IPC_7351 nominal, (Body size source: IPC-SM-782 page 72, https://www.pcb-3d.com/wordpress/wp-content/uploads/ipc-sm-782a_amendment_1_and_2.pdf), generated with kicad-footprint-generator")
    (tags resistor)
    (path /5FB6AE74)
    (attr smd)
    (fp_text reference R2 (at -2.675 0 90) (layer F.SilkS)
      (effects (font (size 1 1) (thickness 0.15)))
    )
    (fp_text value 10k (at 0 1.43 90) (layer F.Fab)
      (effects (font (size 1 1) (thickness 0.15)))
    )
    (fp_line (start 1.48 0.73) (end -1.48 0.73) (layer F.CrtYd) (width 0.05))
    (fp_line (start 1.48 -0.73) (end 1.48 0.73) (layer F.CrtYd) (width 0.05))
    (fp_line (start -1.48 -0.73) (end 1.48 -0.73) (layer F.CrtYd) (width 0.05))
    (fp_line (start -1.48 0.73) (end -1.48 -0.73) (layer F.CrtYd) (width 0.05))
    (fp_line (start -0.237258 0.5225) (end 0.237258 0.5225) (layer F.SilkS) (width 0.12))
    (fp_line (start -0.237258 -0.5225) (end 0.237258 -0.5225) (layer F.SilkS) (width 0.12))
    (fp_line (start 0.8 0.4125) (end -0.8 0.4125) (layer F.Fab) (width 0.1))
    (fp_line (start 0.8 -0.4125) (end 0.8 0.4125) (layer F.Fab) (width 0.1))
    (fp_line (start -0.8 -0.4125) (end 0.8 -0.4125) (layer F.Fab) (width 0.1))
    (fp_line (start -0.8 0.4125) (end -0.8 -0.4125) (layer F.Fab) (width 0.1))
    (fp_text user %R (at 0 0 90) (layer F.Fab)
      (effects (font (size 0.4 0.4) (thickness 0.06)))
    )
    (pad 2 smd roundrect (at 0.825 0 270) (size 0.8 0.95) (layers F.Cu F.Paste F.Mask) (roundrect_rratio 0.25)
      (net 38 RESET))
    (pad 1 smd roundrect (at -0.825 0 270) (size 0.8 0.95) (layers F.Cu F.Paste F.Mask) (roundrect_rratio 0.25)
      (net 2 +3V3))
    (model ${KISYS3DMOD}/Resistor_SMD.3dshapes/R_0603_1608Metric.wrl
      (at (xyz 0 0 0))
      (scale (xyz 1 1 1))
      (rotate (xyz 0 0 0))
    )
  )

  (module Resistor_SMD:R_0603_1608Metric (layer F.Cu) (tedit 5F68FEEE) (tstamp 60060CD0)
    (at 187.675 92.5 90)
    (descr "Resistor SMD 0603 (1608 Metric), square (rectangular) end terminal, IPC_7351 nominal, (Body size source: IPC-SM-782 page 72, https://www.pcb-3d.com/wordpress/wp-content/uploads/ipc-sm-782a_amendment_1_and_2.pdf), generated with kicad-footprint-generator")
    (tags resistor)
    (path /5FB6AE51)
    (attr smd)
    (fp_text reference R3 (at 1.3 -2.675 90) (layer F.SilkS)
      (effects (font (size 1 1) (thickness 0.15)))
    )
    (fp_text value 4.7k (at 0 1.43 90) (layer F.Fab)
      (effects (font (size 1 1) (thickness 0.15)))
    )
    (fp_line (start -0.8 0.4125) (end -0.8 -0.4125) (layer F.Fab) (width 0.1))
    (fp_line (start -0.8 -0.4125) (end 0.8 -0.4125) (layer F.Fab) (width 0.1))
    (fp_line (start 0.8 -0.4125) (end 0.8 0.4125) (layer F.Fab) (width 0.1))
    (fp_line (start 0.8 0.4125) (end -0.8 0.4125) (layer F.Fab) (width 0.1))
    (fp_line (start -0.237258 -0.5225) (end 0.237258 -0.5225) (layer F.SilkS) (width 0.12))
    (fp_line (start -0.237258 0.5225) (end 0.237258 0.5225) (layer F.SilkS) (width 0.12))
    (fp_line (start -1.48 0.73) (end -1.48 -0.73) (layer F.CrtYd) (width 0.05))
    (fp_line (start -1.48 -0.73) (end 1.48 -0.73) (layer F.CrtYd) (width 0.05))
    (fp_line (start 1.48 -0.73) (end 1.48 0.73) (layer F.CrtYd) (width 0.05))
    (fp_line (start 1.48 0.73) (end -1.48 0.73) (layer F.CrtYd) (width 0.05))
    (fp_text user %R (at 0 0 90) (layer F.Fab)
      (effects (font (size 0.4 0.4) (thickness 0.06)))
    )
    (pad 1 smd roundrect (at -0.825 0 90) (size 0.8 0.95) (layers F.Cu F.Paste F.Mask) (roundrect_rratio 0.25)
      (net 24 "Net-(R3-Pad1)"))
    (pad 2 smd roundrect (at 0.825 0 90) (size 0.8 0.95) (layers F.Cu F.Paste F.Mask) (roundrect_rratio 0.25)
      (net 39 "Net-(J1-Pad7)"))
    (model ${KISYS3DMOD}/Resistor_SMD.3dshapes/R_0603_1608Metric.wrl
      (at (xyz 0 0 0))
      (scale (xyz 1 1 1))
      (rotate (xyz 0 0 0))
    )
  )

  (module Resistor_SMD:R_0603_1608Metric (layer F.Cu) (tedit 5F68FEEE) (tstamp 5FA864F5)
    (at 102 87.175 270)
    (descr "Resistor SMD 0603 (1608 Metric), square (rectangular) end terminal, IPC_7351 nominal, (Body size source: IPC-SM-782 page 72, https://www.pcb-3d.com/wordpress/wp-content/uploads/ipc-sm-782a_amendment_1_and_2.pdf), generated with kicad-footprint-generator")
    (tags resistor)
    (path /5FB79223)
    (attr smd)
    (fp_text reference R5 (at 0 -1.43 90) (layer F.SilkS)
      (effects (font (size 1 1) (thickness 0.15)))
    )
    (fp_text value 330 (at 0 1.43 90) (layer F.Fab)
      (effects (font (size 1 1) (thickness 0.15)))
    )
    (fp_line (start -0.8 0.4125) (end -0.8 -0.4125) (layer F.Fab) (width 0.1))
    (fp_line (start -0.8 -0.4125) (end 0.8 -0.4125) (layer F.Fab) (width 0.1))
    (fp_line (start 0.8 -0.4125) (end 0.8 0.4125) (layer F.Fab) (width 0.1))
    (fp_line (start 0.8 0.4125) (end -0.8 0.4125) (layer F.Fab) (width 0.1))
    (fp_line (start -0.237258 -0.5225) (end 0.237258 -0.5225) (layer F.SilkS) (width 0.12))
    (fp_line (start -0.237258 0.5225) (end 0.237258 0.5225) (layer F.SilkS) (width 0.12))
    (fp_line (start -1.48 0.73) (end -1.48 -0.73) (layer F.CrtYd) (width 0.05))
    (fp_line (start -1.48 -0.73) (end 1.48 -0.73) (layer F.CrtYd) (width 0.05))
    (fp_line (start 1.48 -0.73) (end 1.48 0.73) (layer F.CrtYd) (width 0.05))
    (fp_line (start 1.48 0.73) (end -1.48 0.73) (layer F.CrtYd) (width 0.05))
    (fp_text user %R (at 0 0 90) (layer F.Fab)
      (effects (font (size 0.4 0.4) (thickness 0.06)))
    )
    (pad 1 smd roundrect (at -0.825 0 270) (size 0.8 0.95) (layers F.Cu F.Paste F.Mask) (roundrect_rratio 0.25)
      (net 25 "Net-(R5-Pad1)"))
    (pad 2 smd roundrect (at 0.825 0 270) (size 0.8 0.95) (layers F.Cu F.Paste F.Mask) (roundrect_rratio 0.25)
      (net 49 "Net-(R5-Pad2)"))
    (model ${KISYS3DMOD}/Resistor_SMD.3dshapes/R_0603_1608Metric.wrl
      (at (xyz 0 0 0))
      (scale (xyz 1 1 1))
      (rotate (xyz 0 0 0))
    )
  )

  (module Resistor_SMD:R_0603_1608Metric (layer F.Cu) (tedit 5F68FEEE) (tstamp 5FA86506)
    (at 99 87.175 270)
    (descr "Resistor SMD 0603 (1608 Metric), square (rectangular) end terminal, IPC_7351 nominal, (Body size source: IPC-SM-782 page 72, https://www.pcb-3d.com/wordpress/wp-content/uploads/ipc-sm-782a_amendment_1_and_2.pdf), generated with kicad-footprint-generator")
    (tags resistor)
    (path /5FB7CF77)
    (attr smd)
    (fp_text reference R6 (at 0 -1.43 90) (layer F.SilkS)
      (effects (font (size 1 1) (thickness 0.15)))
    )
    (fp_text value 330 (at 0 1.43 90) (layer F.Fab)
      (effects (font (size 1 1) (thickness 0.15)))
    )
    (fp_line (start 1.48 0.73) (end -1.48 0.73) (layer F.CrtYd) (width 0.05))
    (fp_line (start 1.48 -0.73) (end 1.48 0.73) (layer F.CrtYd) (width 0.05))
    (fp_line (start -1.48 -0.73) (end 1.48 -0.73) (layer F.CrtYd) (width 0.05))
    (fp_line (start -1.48 0.73) (end -1.48 -0.73) (layer F.CrtYd) (width 0.05))
    (fp_line (start -0.237258 0.5225) (end 0.237258 0.5225) (layer F.SilkS) (width 0.12))
    (fp_line (start -0.237258 -0.5225) (end 0.237258 -0.5225) (layer F.SilkS) (width 0.12))
    (fp_line (start 0.8 0.4125) (end -0.8 0.4125) (layer F.Fab) (width 0.1))
